,Name,2022 Salary,Avg Career Salary Difference,Age,RBI,BB,OPS,OBP,HR,IBB
0,CJ Abrams,4538777.15704388,0.0,21.0,21.0,5.0,0.604,0.28,2.0,0.0
1,CJ Abrams,4538777.15704388,0.0,21.0,21.0,5.0,0.604,0.28,2.0,0.0
3,Ronald Acuna Jr.,15000000.0,2480000.0,24.0,50.0,53.0,0.764,0.351,15.0,4.0
4,Willy Adames,4600000.0,0.0,26.0,98.0,49.0,0.756,0.298,31.0,3.0
5,Riley Adams,4538777.15704388,0.0,26.0,10.0,12.0,0.555,0.245,5.0,0.0
6,Jo Adell,4538777.15704388,0.0,23.0,27.0,11.0,0.637,0.264,8.0,0.0
8,Hanser Alberto,1350000.0,154400.0,29.0,15.0,3.0,0.623,0.258,2.0,0.0
9,Ozzie Albies,5000000.0,740833.3333333334,25.0,35.0,16.0,0.703,0.294,8.0,0.0
11,Jorge Alfaro,2725000.0,116333.33333333333,29.0,40.0,11.0,0.667,0.285,7.0,0.0
12,Greg Allen,4538777.15704388,0.0,29.0,8.0,10.0,0.531,0.26,2.0,0.0
13,Nick Allen,4538777.15704388,0.0,23.0,19.0,19.0,0.547,0.256,4.0,0.0
15,Pete Alonso,7400000.0,1250.0,27.0,131.0,67.0,0.869,0.352,40.0,16.0
16,Jose Altuve,29000000.0,2376416.6666666665,32.0,57.0,66.0,0.921,0.387,28.0,2.0
17,Yordan Alvarez,764600.0,0.0,25.0,97.0,78.0,1.019,0.406,37.0,9.0
18,Brian Anderson,4475000.0,132500.0,29.0,28.0,37.0,0.657,0.311,8.0,2.0
19,Tim Anderson,9500000.0,1235714.2857142857,29.0,25.0,14.0,0.734,0.339,6.0,1.0
20,Elvis Andrus,14250000.0,863333.3333333334,33.0,58.0,39.0,0.707,0.303,17.0,0.0
21,Elvis Andrus,4538777.15704388,863333.3333333334,33.0,58.0,39.0,0.707,0.303,17.0,0.0
23,Aristides Aquino,4538777.15704388,0.0,28.0,30.0,17.0,0.609,0.246,10.0,0.0
24,Orlando Arcia,1600000.0,176983.33333333334,27.0,30.0,21.0,0.733,0.316,9.0,0.0
25,Nolan Arenado,35000000.0,3450000.0,31.0,103.0,52.0,0.891,0.358,30.0,3.0
26,Randy Arozarena,4538777.15704388,0.0,27.0,89.0,46.0,0.773,0.327,20.0,2.0
27,Luis Arraez,2125000.0,0.0,25.0,49.0,50.0,0.795,0.375,8.0,2.0
28,Christian Arroyo,1200000.0,0.0,27.0,36.0,13.0,0.736,0.322,6.0,2.0
30,Akil Baddoo,4538777.15704388,0.0,23.0,9.0,24.0,0.558,0.289,2.0,0.0
31,Harrison Bader,5200000.0,640000.0,28.0,30.0,15.0,0.65,0.294,5.0,0.0
33,Austin Barnes,2650000.0,225000.0,32.0,26.0,27.0,0.704,0.324,8.0,0.0
34,Tucker Barnhart,7500000.0,872812.5,31.0,16.0,25.0,0.554,0.287,1.0,0.0
35,Joey Bart,4538777.15704388,0.0,25.0,25.0,26.0,0.66,0.296,11.0,0.0
36,Seth Beer,4538777.15704388,0.0,25.0,9.0,11.0,0.521,0.278,1.0,1.0
37,Cody Bellinger,17000000.0,2735833.3333333335,26.0,68.0,38.0,0.654,0.265,19.0,0.0
38,Josh Bell,10000000.0,1050111.111111111,29.0,71.0,81.0,0.784,0.362,17.0,4.0
39,Josh Bell,4538777.15704388,1050111.111111111,29.0,71.0,81.0,0.784,0.362,17.0,4.0
40,Brandon Belt,18400000.0,1498833.3333333333,34.0,23.0,37.0,0.676,0.326,8.0,2.0
41,Andrew Benintendi,8500000.0,1135857.142857143,27.0,51.0,52.0,0.772,0.373,5.0,0.0
42,Andrew Benintendi,4538777.15704388,1135857.142857143,27.0,51.0,52.0,0.772,0.373,5.0,0.0
43,Jon Berti,1200000.0,0.0,32.0,28.0,42.0,0.662,0.324,4.0,0.0
44,Christian Bethancourt,4538777.15704388,740.0,30.0,34.0,12.0,0.692,0.283,11.0,0.0
45,Christian Bethancourt,4538777.15704388,740.0,30.0,34.0,12.0,0.692,0.283,11.0,0.0
46,Mookie Betts,22916666.0,2489129.5555555555,29.0,82.0,55.0,0.873,0.34,35.0,0.0
47,Bo Bichette,4538777.15704388,0.0,24.0,93.0,41.0,0.802,0.333,24.0,0.0
48,Cavan Biggio,2123000.0,0.0,27.0,24.0,38.0,0.668,0.318,6.0,0.0
49,Charlie Blackmon,21000000.0,1708250.0,35.0,78.0,32.0,0.733,0.314,16.0,4.0
51,Xander Bogaerts,20000000.0,2166388.888888889,29.0,73.0,57.0,0.833,0.377,15.0,2.0
52,Alec Bohm,4538777.15704388,0.0,25.0,72.0,31.0,0.713,0.315,13.0,1.0
53,Skye Bolt,4538777.15704388,0.0,28.0,13.0,7.0,0.589,0.259,4.0,0.0
54,David Bote,2510000.0,389700.0,29.0,12.0,6.0,0.746,0.315,4.0,0.0
55,Jackie Bradley Jr.,9500000.0,901000.0,32.0,38.0,24.0,0.566,0.255,4.0,0.0
56,Michael Brantley,16000000.0,1199938.4615384615,35.0,26.0,31.0,0.785,0.37,5.0,2.0
57,Alex Bregman,13000000.0,1780085.7142857143,28.0,93.0,87.0,0.82,0.366,23.0,1.0
58,Jonah Bride,4538777.15704388,0.0,26.0,6.0,19.0,0.548,0.301,1.0,0.0
59,Mike Brosseau,4538777.15704388,0.0,28.0,23.0,14.0,0.762,0.344,6.0,0.0
60,Seth Brown,4538777.15704388,0.0,29.0,73.0,51.0,0.749,0.305,25.0,3.0
62,Kris Bryant,18000000.0,2094222.2222222222,30.0,14.0,17.0,0.851,0.376,5.0,0.0
63,Peyton Burdick,4538777.15704388,0.0,25.0,11.0,8.0,0.665,0.284,4.0,0.0
64,Jake Burger,4538777.15704388,0.0,26.0,26.0,10.0,0.761,0.302,8.0,1.0
65,Byron Buxton,9142857.0,1232908.142857143,28.0,51.0,34.0,0.833,0.306,28.0,0.0
66,Miguel Cabrera,32000000.0,1542500.0,39.0,43.0,28.0,0.622,0.305,5.0,3.0
67,Oswaldo Cabrera,4538777.15704388,0.0,23.0,19.0,15.0,0.74,0.312,6.0,0.0
68,Lorenzo Cain,18000000.0,1592650.0,36.0,9.0,8.0,0.465,0.231,1.0,0.0
69,Kole Calhoun,5200000.0,420000.0,34.0,49.0,27.0,0.587,0.257,12.0,0.0
70,Alex Call,4538777.15704388,0.0,27.0,13.0,15.0,0.748,0.336,5.0,0.0
71,Johan Camargo,1400000.0,169000.0,28.0,15.0,13.0,0.613,0.297,3.0,0.0
72,Jeimer Candelario,5800000.0,491666.6666666667,28.0,50.0,28.0,0.633,0.272,13.0,1.0
73,Mark Canha,13000000.0,1564285.7142857143,33.0,61.0,48.0,0.77,0.367,13.0,1.0
74,Victor Caratini,4538777.15704388,0.0,28.0,34.0,31.0,0.642,0.3,9.0,1.0
75,Dylan Carlson,4538777.15704388,0.0,23.0,42.0,45.0,0.695,0.316,8.0,1.0
76,Kerry Carpenter,4538777.15704388,0.0,24.0,10.0,6.0,0.795,0.31,6.0,0.0
77,Matt Carpenter,4538777.15704388,1638181.8181818181,36.0,37.0,19.0,1.138,0.412,15.0,1.0
78,Corbin Carroll,4538777.15704388,0.0,21.0,14.0,8.0,0.83,0.33,4.0,0.0
79,Curt Casali,2600000.0,275000.0,33.0,17.0,24.0,0.649,0.318,5.0,0.0
80,Nick Castellanos,20000000.0,1225000.0,30.0,62.0,29.0,0.694,0.305,13.0,0.0
81,Diego Castillo,4538777.15704388,0.0,24.0,29.0,14.0,0.633,0.251,11.0,1.0
82,Harold Castro,1275000.0,0.0,28.0,47.0,17.0,0.681,0.3,7.0,1.0
83,Rodolfo Castro,4538777.15704388,0.0,23.0,27.0,22.0,0.725,0.299,11.0,0.0
84,Willi Castro,4538777.15704388,0.0,25.0,31.0,15.0,0.651,0.284,8.0,0.0
85,Jake Cave,4538777.15704388,5500.0,29.0,20.0,11.0,0.644,0.26,5.0,0.0
86,Gilberto Celestino,4538777.15704388,0.0,23.0,24.0,32.0,0.615,0.313,2.0,0.0
87,Yu Chang,4538777.15704388,0.0,26.0,15.0,16.0,0.605,0.289,4.0,0.0
88,Matt Chapman,12500000.0,1007083.3333333334,29.0,76.0,68.0,0.757,0.324,27.0,1.0
89,Michael Chavis,4538777.15704388,0.0,26.0,49.0,19.0,0.654,0.265,14.0,1.0
90,Robinson Chirinos,900000.0,655971.0,38.0,22.0,19.0,0.552,0.265,4.0,0.0
91,Jazz Chisholm Jr.,4538777.15704388,0.0,24.0,45.0,21.0,0.86,0.325,14.0,0.0
92,Ji-Man Choi,3200000.0,208083.33333333334,31.0,52.0,58.0,0.729,0.341,11.0,3.0
93,Ernie Clement,4538777.15704388,0.0,26.0,6.0,11.0,0.452,0.243,0.0,0.0
94,Kody Clemens,4538777.15704388,0.0,26.0,17.0,8.0,0.505,0.197,5.0,0.0
95,Willson Contreras,9625000.0,1297214.2857142857,30.0,55.0,45.0,0.815,0.349,22.0,0.0
96,William Contreras,4538777.15704388,0.0,24.0,45.0,39.0,0.86,0.354,20.0,1.0
97,Garrett Cooper,2500000.0,175000.0,31.0,50.0,40.0,0.752,0.337,9.0,0.0
98,Franchy Cordero,4538777.15704388,-117833.33333333333,27.0,29.0,28.0,0.697,0.3,8.0,1.0
99,Carlos Correa,35100000.0,4322912.5,27.0,64.0,61.0,0.834,0.366,22.0,2.0
100,Brandon Crawford,4538777.15704388,1226583.3333333333,35.0,52.0,39.0,0.652,0.308,9.0,3.0
101,J.P. Crawford,6000000.0,-3372300.0,27.0,42.0,68.0,0.675,0.339,6.0,0.0
102,C.J. Cron,7250000.0,842187.5,32.0,102.0,43.0,0.783,0.315,29.0,6.0
103,Jake Cronenworth,4538777.15704388,0.0,28.0,88.0,70.0,0.722,0.332,17.0,3.0
104,Nelson Cruz,12000000.0,699551.6666666666,41.0,64.0,49.0,0.651,0.313,10.0,1.0
105,Oneil Cruz,4538777.15704388,0.0,23.0,54.0,28.0,0.744,0.294,17.0,1.0
106,Charlie Culberson,1750000.0,149166.66666666666,33.0,12.0,5.0,0.64,0.283,2.0,0.0
107,Bobby Dalbec,4538777.15704388,0.0,27.0,39.0,29.0,0.652,0.283,12.0,0.0
108,Travis d'Arnaud,8000000.0,833160.0,33.0,60.0,19.0,0.791,0.319,18.0,0.0
109,J.D. Davis,2760000.0,-429763.3333333333,29.0,35.0,39.0,0.758,0.34,12.0,1.0
110,J.D. Davis,4538777.15704388,-429763.3333333333,29.0,35.0,39.0,0.758,0.34,12.0,1.0
111,Yonathan Daza,4538777.15704388,0.0,28.0,34.0,26.0,0.733,0.349,2.0,0.0
112,Paul DeJong,6166666.0,833333.1666666666,28.0,25.0,21.0,0.53,0.245,6.0,0.0
113,Bryan De La Cruz,4538777.15704388,0.0,25.0,43.0,19.0,0.725,0.294,13.0,0.0
114,Jason Delay,4538777.15704388,0.0,27.0,11.0,9.0,0.536,0.265,1.0,0.0
115,Rafael Devers,11200000.0,1112500.0,25.0,88.0,50.0,0.879,0.358,27.0,11.0
120,Corey Dickerson,5000000.0,666666.6666666666,33.0,36.0,12.0,0.698,0.3,6.0,1.0
121,Josh Donaldson,21750000.0,1933272.7272727273,36.0,62.0,54.0,0.682,0.308,15.0,1.0
122,Brendan Donovan,4538777.15704388,0.0,25.0,45.0,60.0,0.773,0.394,5.0,1.0
123,Hunter Dozier,4750000.0,450000.0,30.0,41.0,34.0,0.679,0.292,12.0,0.0
124,Brandon Drury,700000.0,-560000.0,29.0,87.0,38.0,0.813,0.32,28.0,0.0
125,Brandon Drury,4538777.15704388,-560000.0,29.0,87.0,38.0,0.813,0.32,28.0,0.0
127,Matt Duffy,1500000.0,114000.0,31.0,16.0,17.0,0.619,0.308,2.0,0.0
128,Ezequiel Duran,4538777.15704388,0.0,23.0,25.0,12.0,0.643,0.277,5.0,0.0
129,Jarren Duran,4538777.15704388,0.0,25.0,17.0,14.0,0.645,0.283,3.0,0.0
130,Adam Duvall,9275000.0,342500.0,33.0,36.0,21.0,0.677,0.276,12.0,0.0
131,Nate Eaton,4538777.15704388,0.0,25.0,12.0,10.0,0.717,0.331,1.0,0.0
132,Tommy Edman,4538777.15704388,0.0,27.0,57.0,46.0,0.725,0.324,13.0,2.0
133,Adam Engel,2000000.0,289600.0,30.0,17.0,11.0,0.579,0.269,2.0,1.0
134,Alcides Escobar,1000000.0,183150.0,35.0,8.0,5.0,0.542,0.26,0.0,0.0
135,Eduardo Escobar,10000000.0,445833.4166666667,33.0,69.0,40.0,0.726,0.295,20.0,3.0
136,Santiago Espinal,4538777.15704388,0.0,27.0,51.0,36.0,0.692,0.322,7.0,1.0
137,Thairo Estrada,4538777.15704388,0.0,26.0,62.0,33.0,0.722,0.322,14.0,0.0
138,Kyle Farmer,3155000.0,921666.6666666666,31.0,78.0,33.0,0.701,0.315,14.0,0.0
139,David Fletcher,4000000.0,400000.0,28.0,17.0,7.0,0.621,0.288,2.0,0.0
140,Wilmer Flores,3500000.0,298645.7,30.0,71.0,59.0,0.71,0.316,19.0,1.0
141,Nick Fortes,4538777.15704388,0.0,25.0,24.0,18.0,0.696,0.304,9.0,0.0
142,Jake Fraley,4538777.15704388,0.0,27.0,28.0,26.0,0.812,0.344,12.0,1.0
143,Maikel Franco,700000.0,22812.5,29.0,39.0,12.0,0.597,0.255,9.0,0.0
144,Ty France,4538777.15704388,0.0,27.0,83.0,35.0,0.774,0.338,20.0,3.0
145,Wander Franco,1454545.0,0.0,21.0,33.0,26.0,0.746,0.328,6.0,1.0
146,Adam Frazier,8000000.0,468812.5,30.0,42.0,46.0,0.612,0.301,3.0,1.0
147,Freddie Freeman,27000000.0,2222583.3333333335,32.0,100.0,84.0,0.918,0.407,21.0,12.0
149,Joey Gallo,10275000.0,629208.8888888889,28.0,47.0,56.0,0.638,0.28,19.0,0.0
150,Joey Gallo,4538777.15704388,629208.8888888889,28.0,47.0,56.0,0.638,0.28,19.0,0.0
151,Ben Gamel,1800000.0,138716.66666666666,30.0,46.0,48.0,0.693,0.324,9.0,2.0
153,Aramis Garcia,4538777.15704388,0.0,29.0,4.0,3.0,0.507,0.248,1.0,0.0
155,Dermis Garcia,4538777.15704388,0.0,24.0,20.0,8.0,0.652,0.264,5.0,0.0
156,Jose Barrero,4538777.15704388,0.0,24.0,10.0,9.0,0.401,0.195,2.0,0.0
157,Leury Garcia,5500000.0,783333.3333333334,31.0,20.0,7.0,0.5,0.233,3.0,0.0
159,Kyle Garlick,4538777.15704388,0.0,30.0,18.0,8.0,0.717,0.284,9.0,0.0
160,Mitch Garver,3335000.0,696875.0,31.0,24.0,23.0,0.702,0.298,10.0,0.0
162,Paul Goldschmidt,26000000.0,2126500.0,34.0,115.0,79.0,0.981,0.404,35.0,1.0
163,Yan Gomes,6000000.0,454166.6666666667,34.0,31.0,8.0,0.625,0.26,8.0,0.0
165,Marwin Gonzalez,4538777.15704388,229090.9090909091,33.0,18.0,14.0,0.576,0.255,6.0,0.0
166,Oscar Gonzalez,4538777.15704388,0.0,24.0,43.0,15.0,0.789,0.327,11.0,2.0
167,Romy Gonzalez,4538777.15704388,0.0,25.0,11.0,2.0,0.609,0.257,2.0,0.0
168,Nick Gordon,4538777.15704388,0.0,26.0,50.0,19.0,0.743,0.316,9.0,1.0
169,Nolan Gorman,4538777.15704388,0.0,22.0,35.0,28.0,0.721,0.3,14.0,0.0
170,Yuli Gurriel,8000000.0,1085285.7142857143,38.0,53.0,30.0,0.647,0.288,8.0,0.0
171,Yasmani Grandal,18250000.0,1500000.0,33.0,27.0,45.0,0.57,0.301,5.0,1.0
172,Riley Greene,4538777.15704388,0.0,21.0,42.0,36.0,0.682,0.321,5.0,0.0
173,Didi Gregorius,15250000.0,845000.0,32.0,19.0,13.0,0.567,0.263,1.0,0.0
174,Randal Grichuk,4538777.15704388,597837.0,30.0,73.0,24.0,0.724,0.299,19.0,0.0
175,Trent Grisham,4538777.15704388,0.0,25.0,53.0,57.0,0.626,0.284,17.0,1.0
176,Vaughn Grissom,4538777.15704388,0.0,21.0,18.0,11.0,0.792,0.353,5.0,1.0
177,Robbie Grossman,5000000.0,444750.0,32.0,45.0,56.0,0.622,0.31,7.0,0.0
178,Robbie Grossman,4538777.15704388,444750.0,32.0,45.0,56.0,0.622,0.31,7.0,0.0
179,Vladimir Guerrero Jr.,7900000.0,0.0,23.0,97.0,58.0,0.818,0.339,32.0,6.0
180,Luis Guillorme,875000.0,0.0,27.0,17.0,34.0,0.691,0.351,2.0,1.0
181,Lourdes Gurriel Jr.,4928572.0,810714.4,28.0,52.0,31.0,0.743,0.343,5.0,1.0
182,Eric Haase,4538777.15704388,0.0,29.0,44.0,24.0,0.748,0.305,14.0,1.0
183,Sam Haggerty,4538777.15704388,0.0,28.0,23.0,18.0,0.738,0.335,5.0,3.0
184,Darick Hall,4538777.15704388,0.0,26.0,16.0,5.0,0.804,0.282,9.0,0.0
185,Garrett Hampson,1863000.0,60500.0,27.0,15.0,21.0,0.594,0.287,2.0,0.0
186,Mitch Haniger,7750000.0,1193316.6666666667,31.0,34.0,20.0,0.736,0.308,11.0,1.0
187,Ian Happ,6850000.0,463916.6666666667,27.0,72.0,58.0,0.781,0.342,17.0,4.0
188,Bryce Harper,27538461.0,1230769.1818181819,29.0,65.0,46.0,0.877,0.364,18.0,9.0
189,Josh Harrison,4000000.0,46909.09090909091,34.0,27.0,21.0,0.687,0.317,7.0,0.0
191,Ke'Bryan Hayes,10000000.0,0.0,25.0,41.0,48.0,0.659,0.314,7.0,0.0
192,Austin Hays,4538777.15704388,0.0,26.0,60.0,34.0,0.719,0.306,16.0,0.0
193,Austin Hedges,4000000.0,577150.0,29.0,30.0,25.0,0.489,0.241,7.0,0.0
194,Jonah Heim,4538777.15704388,0.0,27.0,48.0,41.0,0.697,0.298,16.0,0.0
195,Tyler Heineman,4538777.15704388,0.0,31.0,9.0,8.0,0.544,0.276,0.0,0.0
196,Gunnar Henderson,4538777.15704388,0.0,21.0,18.0,16.0,0.788,0.348,4.0,1.0
201,Jose Herrera,4538777.15704388,0.0,25.0,5.0,9.0,0.457,0.25,0.0,0.0
203,Jason Heyward,22000000.0,1661538.4615384615,32.0,10.0,11.0,0.556,0.278,1.0,0.0
204,Aaron Hicks,10785714.0,-1128078.6,32.0,40.0,62.0,0.642,0.33,8.0,3.0
205,Kyle Higashioka,935000.0,0.0,32.0,31.0,12.0,0.653,0.264,10.0,0.0
206,P.J. Higgins,4538777.15704388,0.0,29.0,30.0,22.0,0.693,0.31,6.0,0.0
207,Sam Hilliard,4538777.15704388,0.0,28.0,14.0,23.0,0.544,0.28,2.0,0.0
208,Keston Hiura,4538777.15704388,0.0,25.0,32.0,23.0,0.765,0.316,14.0,0.0
209,Nico Hoerner,4538777.15704388,0.0,25.0,55.0,28.0,0.736,0.327,10.0,4.0
210,Rhys Hoskins,7700000.0,487083.3333333333,29.0,79.0,72.0,0.794,0.332,30.0,0.0
211,Eric Hosmer,21000000.0,1708125.0,32.0,44.0,37.0,0.716,0.334,8.0,5.0
212,Sam Huff,4538777.15704388,0.0,24.0,10.0,11.0,0.675,0.303,4.0,1.0
213,Cooper Hummel,4538777.15704388,0.0,27.0,17.0,23.0,0.58,0.274,3.0,0.0
216,Jonathan India,4538777.15704388,0.0,25.0,41.0,31.0,0.705,0.327,10.0,1.0
217,Kyle Isbel,4538777.15704388,0.0,25.0,28.0,16.0,0.603,0.264,5.0,0.0
218,Danny Jansen,1950000.0,-2950.0,27.0,44.0,25.0,0.855,0.339,15.0,1.0
219,Ryan Jeffers,4538777.15704388,0.0,25.0,27.0,23.0,0.648,0.285,7.0,0.0
221,Connor Joe,4538777.15704388,0.0,29.0,28.0,55.0,0.697,0.338,7.0,0.0
222,Aaron Judge,19000000.0,3133333.3333333335,30.0,131.0,111.0,1.111,0.425,62.0,19.0
223,Josh Jung,4538777.15704388,0.0,24.0,14.0,4.0,0.654,0.235,5.0,0.0
224,Jarred Kelenic,4538777.15704388,0.0,22.0,17.0,16.0,0.534,0.221,7.0,0.0
225,Carson Kelly,3325000.0,406250.0,27.0,35.0,29.0,0.617,0.282,7.0,0.0
226,Tony Kemp,2250000.0,200000.0,30.0,46.0,45.0,0.641,0.307,7.0,0.0
227,Max Kepler,6750000.0,886071.4285714285,29.0,43.0,49.0,0.666,0.318,9.0,1.0
228,Kevin Kiermaier,12166666.0,1294762.888888889,32.0,22.0,14.0,0.649,0.281,7.0,0.0
230,Isiah Kiner-Falefa,4700000.0,540000.0,27.0,48.0,35.0,0.642,0.314,4.0,2.0
231,Alex Kirilloff,4538777.15704388,0.0,24.0,21.0,5.0,0.651,0.29,3.0,0.0
232,Alejandro Kirk,4538777.15704388,0.0,23.0,63.0,63.0,0.786,0.372,14.0,2.0
233,Andrew Knizner,4538777.15704388,0.0,27.0,25.0,26.0,0.601,0.301,4.0,0.0
234,Steven Kwan,4538777.15704388,0.0,24.0,52.0,62.0,0.772,0.373,6.0,2.0
235,Shea Langeliers,4538777.15704388,0.0,24.0,22.0,9.0,0.691,0.261,6.0,0.0
236,Trevor Larnach,4538777.15704388,0.0,25.0,18.0,18.0,0.712,0.306,5.0,1.0
237,Tommy La Stella,5250000.0,616666.6666666666,33.0,14.0,11.0,0.632,0.282,2.0,0.0
239,Charles Leblanc,4538777.15704388,0.0,26.0,11.0,12.0,0.723,0.32,4.0,0.0
240,DJ LeMahieu,15000000.0,1318090.9090909092,33.0,46.0,67.0,0.734,0.357,12.0,0.0
241,Francisco Lindor,34100000.0,4194962.5,28.0,107.0,59.0,0.788,0.339,26.0,2.0
242,Evan Longoria,19666667.0,1277777.8,36.0,42.0,27.0,0.767,0.315,14.0,2.0
243,Alejo Lopez,4538777.15704388,0.0,26.0,10.0,9.0,0.645,0.314,1.0,1.0
244,Nicky Lopez,2550000.0,0.0,27.0,20.0,29.0,0.554,0.281,0.0,0.0
245,Brandon Lowe,4000000.0,600000.0,27.0,25.0,27.0,0.691,0.308,8.0,0.0
246,Josh Lowe,4538777.15704388,0.0,24.0,13.0,15.0,0.627,0.284,2.0,1.0
247,Nathaniel Lowe,4538777.15704388,0.0,26.0,76.0,48.0,0.851,0.358,27.0,2.0
248,Jed Lowrie,850000.0,34666.666666666664,38.0,16.0,15.0,0.508,0.245,3.0,0.0
249,Jordan Luplow,1400000.0,0.0,28.0,28.0,25.0,0.634,0.274,11.0,1.0
250,Gavin Lux,4538777.15704388,0.0,24.0,42.0,47.0,0.745,0.346,6.0,0.0
251,Manny Machado,32000000.0,2958750.0,29.0,102.0,63.0,0.898,0.366,32.0,10.0
253,Bligh Madris,4538777.15704388,0.0,26.0,7.0,10.0,0.509,0.244,1.0,0.0
254,Nick Madrigal,4538777.15704388,0.0,25.0,7.0,14.0,0.588,0.305,0.0,0.0
255,Luke Maile,900000.0,68320.0,31.0,17.0,19.0,0.627,0.301,3.0,0.0
257,Trey Mancini,7500000.0,416666.6666666667,30.0,63.0,53.0,0.71,0.319,18.0,2.0
258,Trey Mancini,4538777.15704388,416666.6666666667,30.0,63.0,53.0,0.71,0.319,18.0,2.0
259,Tucupita Marcano,4538777.15704388,0.0,22.0,13.0,10.0,0.562,0.256,2.0,0.0
260,Manuel Margot,5600000.0,373583.3333333333,27.0,47.0,24.0,0.7,0.325,4.0,1.0
261,Brandon Marsh,4538777.15704388,0.0,24.0,52.0,28.0,0.679,0.295,11.0,1.0
262,Brandon Marsh,4538777.15704388,0.0,24.0,52.0,28.0,0.679,0.295,11.0,1.0
263,Ketel Marte,8400000.0,875000.0,28.0,52.0,55.0,0.727,0.321,12.0,3.0
264,Starling Marte,15750000.0,1006410.3076923077,33.0,63.0,26.0,0.814,0.347,16.0,0.0
265,J.D. Martinez,19350000.0,873076.9230769231,34.0,62.0,52.0,0.79,0.341,16.0,1.0
266,Michael Massey,4538777.15704388,0.0,24.0,17.0,9.0,0.683,0.307,4.0,0.0
267,Jorge Mateo,4538777.15704388,0.0,27.0,50.0,27.0,0.646,0.267,13.0,0.0
268,Nomar Mazara,4538777.15704388,393364.28571428574,27.0,18.0,10.0,0.668,0.316,2.0,0.0
269,James McCann,8150000.0,768750.0,32.0,18.0,11.0,0.538,0.257,3.0,0.0
270,Jake McCarthy,4538777.15704388,0.0,24.0,43.0,23.0,0.769,0.342,8.0,0.0
271,Chas McCormick,4538777.15704388,0.0,27.0,44.0,46.0,0.738,0.332,14.0,0.0
272,Andrew McCutchen,8500000.0,855166.6666666666,35.0,69.0,57.0,0.7,0.316,17.0,1.0
273,Reese McGuire,4538777.15704388,0.0,27.0,22.0,12.0,0.677,0.307,3.0,0.0
274,Reese McGuire,4538777.15704388,0.0,27.0,22.0,12.0,0.677,0.307,3.0,0.0
275,Ryan McKenna,4538777.15704388,0.0,25.0,11.0,11.0,0.634,0.294,2.0,1.0
276,Zach McKinstry,4538777.15704388,0.0,27.0,14.0,16.0,0.635,0.273,5.0,0.0
277,Ryan McMahon,5000000.0,-363000.0,27.0,67.0,60.0,0.741,0.327,20.0,0.0
278,Jeff McNeil,3000000.0,0.0,30.0,62.0,40.0,0.836,0.382,9.0,1.0
279,Austin Meadows,4538777.15704388,0.0,27.0,11.0,16.0,0.675,0.347,0.0,0.0
281,MJ Melendez,4538777.15704388,0.0,23.0,62.0,66.0,0.706,0.313,18.0,1.0
282,Danny Mendick,4538777.15704388,0.0,28.0,15.0,7.0,0.786,0.343,3.0,0.0
283,Joey Meneses,4538777.15704388,0.0,30.0,34.0,15.0,0.93,0.367,13.0,2.0
284,Oscar Mercado,4538777.15704388,0.0,27.0,16.0,5.0,0.614,0.242,4.0,0.0
285,Whit Merrifield,7000000.0,803812.5,33.0,58.0,38.0,0.673,0.298,11.0,0.0
286,Whit Merrifield,4538777.15704388,803812.5,33.0,58.0,38.0,0.673,0.298,11.0,0.0
287,Jake Meyers,4538777.15704388,0.0,26.0,15.0,7.0,0.582,0.269,1.0,0.0
288,Brad Miller,6000000.0,706490.0,32.0,32.0,18.0,0.59,0.27,7.0,0.0
289,Owen Miller,4538777.15704388,0.0,25.0,51.0,32.0,0.652,0.301,6.0,1.0
290,Jose Miranda,4538777.15704388,0.0,24.0,66.0,28.0,0.751,0.325,15.0,0.0
291,Calvin Mitchell,4538777.15704388,0.0,23.0,17.0,18.0,0.635,0.286,5.0,0.0
292,Yadier Molina,10000000.0,509289.4736842105,39.0,24.0,5.0,0.535,0.233,5.0,0.0
294,Elehuris Montero,4538777.15704388,0.0,23.0,20.0,8.0,0.702,0.27,6.0,0.0
295,Dylan Moore,1350000.0,41000.0,29.0,24.0,34.0,0.753,0.368,6.0,2.0
296,Colin Moran,1000000.0,-714100.0,29.0,23.0,16.0,0.681,0.305,5.0,0.0
297,Christopher Morel,4538777.15704388,0.0,23.0,47.0,38.0,0.741,0.308,16.0,0.0
298,Ryan Mountcastle,4538777.15704388,0.0,25.0,85.0,43.0,0.729,0.305,22.0,1.0
299,Mike Moustakas,16000000.0,1439442.3076923077,33.0,25.0,24.0,0.64,0.295,7.0,0.0
301,Max Muncy,13000000.0,1775000.0,31.0,69.0,90.0,0.713,0.329,21.0,1.0
302,Sean Murphy,4538777.15704388,0.0,27.0,66.0,56.0,0.759,0.332,18.0,2.0
303,Wil Myers,22500000.0,2199580.0,31.0,41.0,21.0,0.713,0.315,7.0,1.0
304,Tyler Naquin,4025000.0,-282142.85714285716,31.0,46.0,19.0,0.705,0.282,11.0,2.0
305,Tyler Naquin,4538777.15704388,-282142.85714285716,31.0,46.0,19.0,0.705,0.282,11.0,2.0
307,Josh Naylor,1200000.0,0.0,25.0,79.0,38.0,0.771,0.319,20.0,4.0
308,Sheldon Neuse,4538777.15704388,0.0,27.0,26.0,20.0,0.561,0.273,4.0,0.0
309,Tyler Nevin,4538777.15704388,0.0,25.0,16.0,20.0,0.56,0.299,2.0,0.0
310,Kevin Newman,1950000.0,0.0,28.0,24.0,16.0,0.687,0.316,2.0,0.0
312,Brandon Nimmo,7000000.0,979166.6666666666,29.0,64.0,71.0,0.8,0.367,16.0,0.0
313,Austin Nola,4538777.15704388,0.0,32.0,40.0,34.0,0.649,0.321,4.0,1.0
314,Lars Nootbaar,4538777.15704388,0.0,24.0,40.0,51.0,0.788,0.34,14.0,1.0
315,Rougned Odor,4538777.15704388,1313275.888888889,28.0,53.0,32.0,0.632,0.275,13.0,1.0
316,Ryan O'Hearn,1300000.0,0.0,28.0,16.0,8.0,0.611,0.29,1.0,0.0
317,Shohei Ohtani,5500000.0,370000.0,27.0,95.0,72.0,0.875,0.356,34.0,14.0
318,Edward Olivares,4538777.15704388,0.0,26.0,15.0,10.0,0.743,0.333,4.0,0.0
319,Matt Olson,15000000.0,1671250.0,28.0,103.0,75.0,0.802,0.325,34.0,6.0
320,Tyler O'Neill,3400000.0,0.0,27.0,58.0,38.0,0.7,0.308,14.0,0.0
321,Rafael Ortega,4538777.15704388,0.0,31.0,35.0,44.0,0.688,0.331,7.0,2.0
322,Marcell Ozuna,16000000.0,1549500.0,31.0,56.0,31.0,0.687,0.274,23.0,0.0
323,Cristian Pache,4538777.15704388,0.0,23.0,18.0,15.0,0.459,0.218,3.0,0.0
324,Richie Palacios,4538777.15704388,0.0,25.0,10.0,9.0,0.578,0.293,0.0,1.0
325,Isaac Paredes,4538777.15704388,0.0,23.0,45.0,44.0,0.74,0.304,20.0,0.0
326,Vinnie Pasquantino,4538777.15704388,0.0,24.0,26.0,35.0,0.832,0.383,10.0,1.0
327,Joc Pederson,6000000.0,-194444.44444444444,30.0,70.0,42.0,0.874,0.353,23.0,3.0
329,David Peralta,7500000.0,647600.0,34.0,59.0,41.0,0.731,0.316,12.0,5.0
330,David Peralta,4538777.15704388,647600.0,34.0,59.0,41.0,0.731,0.316,12.0,5.0
331,Geraldo Perdomo,4538777.15704388,0.0,22.0,40.0,50.0,0.547,0.285,5.0,0.0
332,Michael Perez,4538777.15704388,0.0,29.0,14.0,10.0,0.511,0.214,6.0,0.0
333,Salvador Perez,18000000.0,1568181.8181818181,32.0,76.0,18.0,0.757,0.292,23.0,2.0
334,Jace Peterson,1825000.0,186000.0,32.0,34.0,33.0,0.698,0.316,8.0,2.0
335,Tommy Pham,6000000.0,-290000.0,34.0,63.0,56.0,0.686,0.312,17.0,0.0
336,Tommy Pham,4538777.15704388,-290000.0,34.0,63.0,56.0,0.686,0.312,17.0,0.0
337,Brett Phillips,1400000.0,0.0,28.0,15.0,16.0,0.466,0.217,5.0,0.0
338,Chad Pinder,2725000.0,435000.0,30.0,42.0,14.0,0.648,0.263,12.0,0.0
339,Stephen Piscotty,7583334.0,883854.25,31.0,14.0,9.0,0.593,0.252,5.0,1.0
340,Kevin Plawecki,2250000.0,241789.85714285713,31.0,13.0,14.0,0.572,0.286,1.0,0.0
341,Jorge Polanco,5500000.0,708571.4285714285,28.0,56.0,64.0,0.751,0.346,16.0,1.0
343,Nick Pratto,4538777.15704388,0.0,23.0,20.0,19.0,0.657,0.271,7.0,0.0
344,Jurickson Profar,8000000.0,1056428.5714285714,29.0,58.0,73.0,0.723,0.331,15.0,0.0
345,Albert Pujols,2500000.0,1309090.9090909092,42.0,68.0,28.0,0.895,0.345,24.0,1.0
346,Cal Raleigh,4538777.15704388,0.0,25.0,63.0,38.0,0.774,0.284,27.0,0.0
349,J.T. Realmuto,23875000.0,2917812.5,31.0,84.0,41.0,0.82,0.342,22.0,1.0
350,Rob Refsnyder,100000.0,0.0,31.0,21.0,15.0,0.881,0.384,6.0,0.0
351,Anthony Rendon,36571429.0,3562142.9,32.0,24.0,23.0,0.706,0.326,5.0,0.0
352,Hunter Renfroe,7650000.0,-4827938.166666667,30.0,72.0,39.0,0.807,0.315,29.0,1.0
353,Luis Rengifo,4538777.15704388,0.0,25.0,52.0,17.0,0.724,0.294,17.0,0.0
354,Franmil Reyes,4550000.0,0.0,26.0,47.0,30.0,0.638,0.273,14.0,0.0
355,Franmil Reyes,4538777.15704388,0.0,26.0,47.0,30.0,0.638,0.273,14.0,0.0
356,Victor Reyes,1400000.0,0.0,27.0,34.0,13.0,0.651,0.289,3.0,0.0
357,Bryan Reynolds,6750000.0,0.0,27.0,62.0,56.0,0.807,0.345,27.0,6.0
358,Matt Reynolds,4538777.15704388,0.0,31.0,23.0,26.0,0.652,0.32,3.0,0.0
359,Austin Riley,3950000.0,0.0,25.0,93.0,57.0,0.878,0.349,38.0,1.0
360,Alfonso Rivas,4538777.15704388,0.0,25.0,25.0,29.0,0.628,0.322,3.0,1.0
361,Emmanuel Rivera,4538777.15704388,0.0,26.0,40.0,23.0,0.702,0.292,12.0,0.0
362,Emmanuel Rivera,4538777.15704388,0.0,26.0,40.0,23.0,0.702,0.292,12.0,0.0
363,Anthony Rizzo,16000000.0,1211538.4615384615,32.0,75.0,58.0,0.817,0.338,32.0,6.0
364,Luis Robert,6000000.0,1809900.0,24.0,56.0,17.0,0.746,0.319,12.0,1.0
365,Victor Robles,1650000.0,0.0,25.0,33.0,17.0,0.584,0.273,6.0,0.0
366,Brendan Rodgers,4538777.15704388,0.0,25.0,63.0,46.0,0.733,0.325,13.0,0.0
368,Josh Rojas,4538777.15704388,0.0,28.0,56.0,55.0,0.739,0.349,9.0,2.0
369,Miguel Rojas,5000000.0,498777.77777777775,33.0,36.0,26.0,0.605,0.283,6.0,1.0
370,Amed Rosario,4950000.0,429426.6666666667,26.0,71.0,25.0,0.715,0.312,11.0,0.0
371,Eddie Rosario,9000000.0,828611.1111111111,30.0,24.0,17.0,0.587,0.259,5.0,0.0
372,Darin Ruf,3000000.0,290000.0,35.0,45.0,45.0,0.645,0.307,11.0,0.0
373,Keibert Ruiz,4538777.15704388,0.0,23.0,36.0,30.0,0.673,0.313,7.0,0.0
374,Adley Rutschman,4538777.15704388,0.0,24.0,42.0,65.0,0.806,0.362,13.0,0.0
375,Gary Sanchez,9000000.0,1206014.2857142857,29.0,61.0,40.0,0.659,0.282,16.0,0.0
377,Anthony Santander,3150000.0,-1880700.0,27.0,89.0,55.0,0.773,0.318,33.0,1.0
378,Carlos Santana,10500000.0,720242.8571428572,36.0,60.0,71.0,0.692,0.316,19.0,2.0
379,Carlos Santana,4538777.15704388,720242.8571428572,36.0,60.0,71.0,0.692,0.316,19.0,2.0
380,Jonathan Schoop,7500000.0,687500.0,30.0,38.0,19.0,0.561,0.239,11.0,1.0
381,Kyle Schwarber,19000000.0,804312.5,29.0,94.0,86.0,0.827,0.323,46.0,3.0
382,Frank Schwindel,4538777.15704388,0.0,30.0,36.0,19.0,0.635,0.277,8.0,1.0
383,Corey Seager,33000000.0,4061250.0,28.0,83.0,58.0,0.772,0.317,33.0,7.0
384,Jean Segura,14850000.0,1305272.7272727273,32.0,33.0,25.0,0.723,0.336,10.0,1.0
385,Marcus Semien,25000000.0,2722222.222222222,31.0,83.0,53.0,0.733,0.304,26.0,0.0
386,Nick Senzel,1250000.0,0.0,27.0,25.0,30.0,0.601,0.296,5.0,0.0
387,Brian Serven,4538777.15704388,0.0,27.0,16.0,13.0,0.593,0.261,6.0,0.0
388,Gavin Sheets,4538777.15704388,0.0,26.0,53.0,27.0,0.706,0.295,15.0,0.0
389,Jose Siri,4538777.15704388,0.0,26.0,24.0,20.0,0.607,0.268,7.0,0.0
390,Jose Siri,4538777.15704388,0.0,26.0,24.0,20.0,0.607,0.268,7.0,0.0
391,Austin Slater,1850000.0,116666.66666666667,29.0,34.0,40.0,0.774,0.366,7.0,0.0
392,Dominic Smith,3950000.0,233333.33333333334,27.0,17.0,12.0,0.56,0.276,0.0,0.0
393,Josh Smith,4538777.15704388,0.0,24.0,16.0,28.0,0.556,0.307,2.0,0.0
394,Kevin Smith,4538777.15704388,0.0,25.0,13.0,7.0,0.518,0.216,2.0,0.0
395,Pavin Smith,4538777.15704388,0.0,26.0,33.0,28.0,0.667,0.3,9.0,1.0
396,Will Smith,4538777.15704388,0.0,27.0,87.0,56.0,0.807,0.343,24.0,4.0
397,Donovan Solano,4500000.0,449285.71428571426,34.0,24.0,19.0,0.724,0.339,4.0,1.0
398,Jorge Soler,12000000.0,436111.1111111111,30.0,34.0,31.0,0.695,0.295,13.0,1.0
399,Edmundo Sosa,4538777.15704388,0.0,26.0,21.0,5.0,0.644,0.275,2.0,0.0
400,Juan Soto,17100000.0,1433333.3333333333,23.0,62.0,135.0,0.853,0.401,27.0,6.0
401,Juan Soto,4538777.15704388,1433333.3333333333,23.0,62.0,135.0,0.853,0.401,27.0,6.0
402,George Springer,29666666.0,3239307.3333333335,32.0,76.0,54.0,0.814,0.342,25.0,1.0
403,Jacob Stallings,2450000.0,253500.0,32.0,34.0,29.0,0.584,0.292,4.0,0.0
404,Giancarlo Stanton,29000000.0,2598545.4545454546,32.0,78.0,50.0,0.759,0.297,31.0,2.0
405,Max Stassi,3000000.0,610725.0,31.0,30.0,38.0,0.571,0.267,9.0,0.0
406,Spencer Steer,4538777.15704388,0.0,24.0,8.0,11.0,0.632,0.306,2.0,0.0
407,Tyler Stephenson,4538777.15704388,0.0,25.0,35.0,12.0,0.854,0.372,6.0,0.0
408,Trevor Story,20000000.0,2784642.8571428573,29.0,66.0,32.0,0.737,0.303,16.0,4.0
409,Bryson Stott,4538777.15704388,0.0,24.0,49.0,36.0,0.653,0.295,10.0,0.0
410,Myles Straw,1650000.0,0.0,27.0,32.0,54.0,0.564,0.291,0.0,0.0
411,Garrett Stubbs,4538777.15704388,0.0,29.0,16.0,14.0,0.812,0.35,5.0,0.0
413,Jack Suwinski,4538777.15704388,0.0,23.0,38.0,41.0,0.709,0.298,19.0,1.0
414,Kurt Suzuki,1750000.0,120147.05882352941,38.0,15.0,15.0,0.561,0.266,4.0,0.0
415,Seiya Suzuki,8000000.0,6250000.0,27.0,46.0,42.0,0.77,0.336,14.0,3.0
416,Dansby Swanson,10000000.0,1351428.5714285714,28.0,96.0,49.0,0.776,0.329,25.0,0.0
417,Raimel Tapia,3950000.0,400000.0,28.0,52.0,16.0,0.672,0.292,7.0,0.0
418,Leody Taveras,4538777.15704388,0.0,23.0,34.0,21.0,0.675,0.309,5.0,0.0
419,Chris Taylor,15000000.0,1803125.0,31.0,43.0,44.0,0.677,0.304,10.0,2.0
420,Michael A. Taylor,4500000.0,-1750000.0,31.0,43.0,35.0,0.67,0.313,9.0,0.0
421,Tyrone Taylor,4538777.15704388,0.0,28.0,51.0,22.0,0.729,0.286,17.0,0.0
422,Rowdy Tellez,1940000.0,0.0,27.0,89.0,62.0,0.767,0.306,35.0,9.0
423,Alek Thomas,4538777.15704388,0.0,22.0,39.0,22.0,0.619,0.275,8.0,0.0
424,Lane Thomas,4538777.15704388,0.0,26.0,52.0,41.0,0.705,0.301,17.0,0.0
425,Bubba Thompson,4538777.15704388,0.0,24.0,9.0,7.0,0.613,0.302,1.0,0.0
426,Trayce Thompson,4538777.15704388,0.0,31.0,41.0,32.0,0.86,0.353,13.0,0.0
427,Michael Toglia,4538777.15704388,0.0,23.0,12.0,9.0,0.653,0.275,2.0,0.0
428,Spencer Torkelson,4538777.15704388,0.0,22.0,28.0,37.0,0.604,0.285,8.0,0.0
429,Abraham Toro,4538777.15704388,0.0,25.0,35.0,22.0,0.563,0.239,10.0,1.0
430,Gleyber Torres,6250000.0,171040.0,25.0,76.0,39.0,0.761,0.31,24.0,2.0
431,Luis Torrens,4538777.15704388,-1905000.0,26.0,15.0,12.0,0.581,0.283,3.0,0.0
432,Taylor Trammell,4538777.15704388,0.0,24.0,10.0,13.0,0.686,0.284,4.0,0.0
433,Alan Trejo,4538777.15704388,0.0,26.0,17.0,5.0,0.736,0.312,4.0,0.0
434,Jose Trevino,4538777.15704388,0.0,29.0,43.0,15.0,0.671,0.283,11.0,0.0
435,Mike Trout,37116666.0,3052013.8333333335,30.0,80.0,54.0,0.999,0.369,40.0,8.0
436,Yoshi Tsutsugo,4000000.0,0.0,30.0,19.0,19.0,0.478,0.249,2.0,0.0
437,Kyle Tucker,4538777.15704388,0.0,25.0,107.0,59.0,0.808,0.33,30.0,4.0
438,Justin Turner,20000000.0,1625732.5833333333,37.0,81.0,50.0,0.788,0.35,13.0,1.0
439,Trea Turner,21000000.0,1555637.5,29.0,100.0,45.0,0.809,0.343,21.0,1.0
442,Gio Urshela,6550000.0,679166.6666666666,30.0,64.0,41.0,0.767,0.338,13.0,2.0
443,Josh VanMeter,4538777.15704388,0.0,27.0,14.0,19.0,0.558,0.266,3.0,0.0
444,Ildemaro Vargas,4538777.15704388,-334000.0,30.0,23.0,8.0,0.691,0.299,4.0,0.0
445,Daulton Varsho,4538777.15704388,0.0,25.0,74.0,46.0,0.745,0.302,27.0,0.0
446,Andrew Vaughn,4538777.15704388,0.0,24.0,76.0,31.0,0.75,0.321,17.0,0.0
447,Terrin Vavra,4538777.15704388,0.0,25.0,12.0,12.0,0.677,0.34,1.0,0.0
450,Andrew Velazquez,4538777.15704388,0.0,27.0,28.0,15.0,0.54,0.236,9.0,0.0
452,Alex Verdugo,3550000.0,-835000.0,26.0,74.0,42.0,0.732,0.328,11.0,2.0
453,Matt Vierling,4538777.15704388,0.0,25.0,32.0,23.0,0.648,0.297,6.0,0.0
454,David Villar,4538777.15704388,0.0,25.0,24.0,18.0,0.787,0.331,9.0,0.0
455,Jonathan Villar,4500000.0,155645.45454545456,31.0,18.0,15.0,0.562,0.26,3.0,0.0
456,Daniel Vogelbach,800000.0,48280.0,29.0,59.0,73.0,0.793,0.36,18.0,2.0
457,Daniel Vogelbach,4538777.15704388,48280.0,29.0,59.0,73.0,0.793,0.36,18.0,2.0
458,Stephen Vogt,850000.0,-291666.6666666667,37.0,23.0,17.0,0.562,0.241,7.0,0.0
459,Luke Voit,5450000.0,107142.85714285714,31.0,69.0,55.0,0.71,0.308,22.0,1.0
460,Luke Voit,4538777.15704388,107142.85714285714,31.0,69.0,55.0,0.71,0.308,22.0,1.0
461,Jason Vosler,4538777.15704388,0.0,28.0,12.0,10.0,0.812,0.342,4.0,1.0
462,Joey Votto,25000000.0,1640666.6666666667,38.0,41.0,44.0,0.689,0.319,11.0,0.0
463,LaMonte Wade Jr.,4538777.15704388,0.0,28.0,26.0,26.0,0.665,0.305,8.0,0.0
464,Tyler Wade,825000.0,0.0,27.0,8.0,10.0,0.544,0.272,1.0,0.0
465,Christian Walker,2600000.0,39950.0,31.0,94.0,69.0,0.804,0.327,36.0,2.0
466,Taylor Walls,4538777.15704388,0.0,25.0,33.0,52.0,0.553,0.268,8.0,0.0
467,Jared Walsh,4538777.15704388,0.0,28.0,44.0,27.0,0.642,0.269,15.0,4.0
468,Taylor Ward,4538777.15704388,0.0,28.0,65.0,60.0,0.833,0.36,23.0,0.0
469,Drew Waters,4538777.15704388,0.0,23.0,18.0,12.0,0.803,0.324,5.0,0.0
470,Joey Wendle,4550000.0,383333.3333333333,32.0,32.0,15.0,0.658,0.297,3.0,0.0
471,Eli White,4538777.15704388,0.0,28.0,10.0,11.0,0.578,0.274,3.0,0.0
472,Luke Williams,4538777.15704388,0.0,25.0,6.0,9.0,0.602,0.287,1.0,1.0
473,Jesse Winker,6250000.0,522500.0,28.0,53.0,84.0,0.688,0.344,14.0,1.0
474,Patrick Wisdom,4538777.15704388,0.0,30.0,66.0,53.0,0.725,0.298,25.0,1.0
476,Kolten Wong,8500000.0,722222.2222222222,31.0,47.0,46.0,0.77,0.339,15.0,2.0
477,Austin Wynns,4538777.15704388,0.0,31.0,21.0,10.0,0.671,0.313,3.0,0.0
478,Mike Yastrzemski,3700000.0,0.0,31.0,57.0,61.0,0.697,0.305,17.0,0.0
479,Christian Yelich,26000000.0,2549500.0,30.0,57.0,88.0,0.738,0.355,14.0,5.0
480,Juan Yepez,4538777.15704388,0.0,24.0,30.0,16.0,0.742,0.296,12.0,0.0
481,Seby Zavala,4538777.15704388,0.0,28.0,21.0,19.0,0.729,0.347,2.0,0.0
482,Bradley Zimmer,4538777.15704388,0.0,29.0,5.0,5.0,0.435,0.207,2.0,0.0
483,Mike Zunino,7000000.0,716600.0,31.0,16.0,6.0,0.499,0.195,5.0,0.0
